49362.0 339
3 527 16 431 29 362 38
1 180 11
2 612 78 507 110
4 575 13 178 22 405 38 281 45
2 86 13 124 52
3 706 21 294 27 72 29
4 146 12 691 19 163 20 364 37
2 97 9 391 23
2 589 7 160 22
2 532 17 270 141
5 187 16 475 18 79 26 168 36 365 38
2 385 22 103 33
3 439 12 636 33 328 131
2 268 20 173 55
2 321 17 139 77
2 37 20 459 26
2 608 8 181 129
2 470 9 657 27
2 217 10 446 138
2 196 20 648 28
2 680 99 212 103
2 206 13 467 74
3 276 8 624 13 378 19
2 472 15 337 41
1 13 13
4 71 15 182 31 184 41 298 44
2 348 24 687 67
3 305 13 98 16 632 80
2 437 25 398 32
2 128 20 130 140
3 322 18 318 24 626 31
3 330 17 613 35 698 46
3 23 14 143 22 483 27
1 670 15
2 571 14 190 17
2 479 32 668 38
2 646 18 302 66
2 614 46 249 48
3 230 18 214 32 454 112
3 419 19 51 39 299 91
1 75 19
2 619 21 616 23
2 227 36 520 39
2 641 40 420 43
3 338 17 329 124 600 126
2 48 21 26 27
2 25 18 407 29
1 577 18
2 494 17 444 88
2 524 17 639 120
2 493 18 250 82
2 543 23 397 81
2 538 25 61 107
3 581 39 607 47 582 60
2 323 22 682 57
2 218 26 118 29
2 304 24 191 33
3 256 41 499 56 258 81
2 121 28 393 100
1 529 26
3 548 27 327 32 457 58
3 40 26 488 38 316 42
1 309 124
1 694 9
3 45 32 492 51 33 76
2 27 28 674 109
2 172 32 408 45
1 2 32
2 41 69 228 124
2 592 30 164 32
2 344 35 622 52
3 438 47 254 57 307 68
3 311 37 177 47 521 58
3 513 31 140 34 515 142
4 411 45 156 56 62 57 590 80
2 673 37 369 42
1 352 34
3 123 39 334 52 74 120
2 357 42 165 56
3 506 54 392 58 653 129
2 578 58 251 60
3 699 37 345 42 331 116
2 257 49 376 56
2 569 43 354 54
2 341 26 162 39
1 545 69
2 458 42 295 50
1 512 22
2 570 63 333 70
1 429 58
2 350 46 197 50
3 382 56 558 61 336 84
3 211 45 10 49 621 53
2 137 51 559 99
1 554 46
2 402 49 36 56
2 661 45 209 75
1 293 47
3 534 64 394 67 482 112
1 222 47
2 292 50 490 93
2 551 50 240 123
3 349 57 474 60 194 77
2 303 64 278 72
3 389 23 114 51 231 120
3 142 67 289 69 587 91
2 451 62 203 67
3 384 53 280 64 591 69
3 701 51 377 65 54 83
1 656 47
3 635 22 367 69 564 71
2 59 50 104 65
3 52 47 567 52 56 63
2 644 70 255 73
2 19 22 312 102
4 169 23 498 52 22 57 537 100
1 340 54
3 159 57 361 59 324 64
3 275 58 210 72 80 148
2 634 55 272 77
2 216 65 516 83
2 235 54 403 88
2 189 24 440 77
2 676 73 47 82
2 623 37 296 111
2 148 80 654 84
3 116 72 260 78 12 146
2 550 58 501 65
3 1 67 176 72 585 81
1 611 63
2 185 43 597 61
2 78 40 351 46
2 638 15 705 127
2 503 75 536 83
3 313 53 111 64 314 144
2 355 61 417 119
2 390 63 447 70
3 395 53 434 77 664 80
1 681 134
3 573 21 237 64 50 94
1 90 65
2 92 78 287 84
1 436 40
2 68 145 101 150
4 370 37 93 75 453 81 141 83
2 136 36 49 66
2 82 86 17 87
3 109 17 568 56 96 88
2 262 70 188 148
1 39 70
2 183 84 147 86
2 266 76 426 91
3 642 75 115 79 662 131
2 450 76 366 81
2 696 39 531 50
2 452 44 525 125
2 263 79 201 91
2 279 17 83 126
2 34 79 356 92
4 480 64 617 79 288 98 428 102
2 373 79 684 113
3 226 84 174 94 631 102
2 215 97 647 108
4 629 96 519 99 663 105 372 112
2 665 87 167 88
2 652 44 213 90
2 245 100 542 109
2 650 51 672 80
3 448 77 599 78 3 112
2 456 85 300 92
1 609 81
2 134 97 120 104
3 505 83 106 98 264 101
2 81 46 144 85
2 523 89 232 97
1 640 89
3 602 88 478 107 55 115
2 46 88 563 144
2 555 88 659 123
1 416 90
2 496 89 445 123
2 595 91 473 98
2 510 25 374 68
2 179 86 149 138
2 690 90 243 97
2 208 72 596 87
1 572 88
3 409 83 166 88 539 98
2 204 71 381 90
2 358 32 151 100
1 463 92
2 277 99 110 100
1 131 88
1 401 88
2 692 91 360 108
3 553 137 285 141 500 145
3 375 91 586 97 219 106
2 43 94 533 101
3 679 27 30 37 424 74
3 633 93 18 96 421 138
2 259 88 580 101
2 433 89 346 92
2 703 85 271 104
2 15 9 526 95
3 461 96 557 104 353 119
3 466 96 253 102 155 137
1 658 96
2 688 108 221 126
1 547 96
2 637 96 693 129
2 84 94 195 137
1 615 97
1 359 99
1 308 27
2 135 80 170 104
1 220 26
1 489 96
2 119 105 5 115
2 8 99 290 100
1 186 98
2 171 110 95 119
2 199 98 274 121
3 65 84 326 92 477 147
2 462 66 157 100
2 282 102 574 148
3 267 107 127 112 669 123
2 666 91 152 147
3 108 106 32 109 430 112
2 443 102 412 129
2 449 75 511 131
3 425 90 28 106 132 111
1 247 101
2 239 117 685 129
2 709 97 371 108
2 145 112 297 118
2 126 62 248 112
1 236 106
2 193 64 223 107
2 76 99 224 113
2 645 123 241 129
2 618 108 588 117
2 464 28 432 132
2 363 20 606 110
2 396 125 306 129
2 291 49 410 134
2 399 63 442 66
2 579 40 388 108
2 205 100 630 139
2 9 67 491 139
2 320 55 601 132
2 91 113 29 115
1 485 108
3 649 98 102 123 535 124
2 64 116 233 135
2 565 117 556 121
1 522 113
1 99 110
2 702 65 325 119
2 678 128 540 133
2 504 137 660 145
2 560 22 400 121
2 655 129 546 137
3 161 82 69 127 484 141
2 413 112 73 116
2 476 129 625 137
2 469 31 383 115
2 89 136 150 137
2 697 118 94 122
2 415 125 225 129
3 63 79 667 82 67 125
2 246 123 125 144
2 671 121 530 125
4 593 107 192 128 57 134 138 139
2 675 120 20 121
2 342 90 122 118
3 207 124 518 128 133 132
2 198 124 708 144
2 481 77 6 122
3 70 25 7 120 158 133
1 44 25
1 651 124
2 686 119 422 129
2 269 133 66 135
1 284 121
2 202 18 514 29
1 60 125
2 242 83 317 126
2 286 141 261 144
3 495 138 435 142 549 147
2 234 32 620 128
2 552 102 265 145
1 427 125
1 707 127
2 229 113 21 128
2 689 135 576 138
2 528 23 455 130
2 387 131 487 135
1 594 127
2 11 21 380 115
2 319 141 566 149
2 610 79 368 111
2 544 126 175 136
2 561 45 244 131
2 343 99 339 133
2 643 140 100 142
2 273 107 700 114
2 310 62 471 141
2 335 15 153 134
2 107 137 677 147
2 465 112 85 143
2 301 134 460 142
2 414 92 404 103
2 315 142 628 150
2 16 136 347 138
1 605 137
2 24 138 517 147
2 14 139 42 146
2 112 109 468 113
3 38 43 406 85 77 141
2 584 97 113 138
2 31 86 4 141
2 509 99 604 142
2 238 34 386 138
2 200 14 283 20
3 88 74 154 92 35 137
1 603 142
2 87 71 129 140
2 562 18 502 65
1 117 145
3 441 146 418 152 583 154
2 695 20 508 145
2 598 20 379 124
3 252 77 58 82 683 143
1 704 148
2 423 146 486 153
2 105 129 627 144
1 332 146
1 541 147
2 53 67 497 132
